32969
31790
30965
32518
32661
31627
34821
30349
30013
32723
30654
30937
33599
35151
33831
35431
30073
30881
31604
34071
30206
32602
32168
30061
31462
30809
29981
30504
31155
31058
30758
31219
30096
29873
29934
30780
31845
31129
30397
30149
30146
29828
29736
30478
30133
28915
29330
29546
31435
31272
30469
29639
31446
30293
29460
30411
30661
29843
29693
30656
31619
31334
33348
31024
32200
32051
31441
32551
31836
30729
32505
31168
31124
30693
30996
33724
32862
31384
32103
32154
30600
30677
32327
30081
29429
29584
29643
30089
30859
29305
29104
29088
28197
29396
29710
29302
28733
29460
29176
29195
30992
32899
30857
29487
30055
30711
28695
29524
30379
29512
32755
29275
28773
28835
30520
29735
29321
28787
29920
28821
32166
28982
30723
30168
29683