0.24 100.000 97.476
0.25 99.788 95.402
0.26 99.576 92.691
0.27 99.576 88.716
0.28 99.364 83.647
0.29 98.729 77.372
0.30 98.305 70.437
0.31 97.881 63.055
0.32 97.669 55.763
0.33 96.822 48.458
0.34 94.703 41.425
0.35 93.220 35.010
0.36 89.831 28.753
0.37 86.653 23.302
0.38 83.475 18.750
0.39 80.085 14.983
0.40 77.754 11.721
0.41 72.246 8.934
0.42 67.585 6.821
0.43 63.347 4.959
0.44 59.746 3.665
0.45 54.661 2.736
0.46 48.729 1.939
0.47 42.797 1.459
0.48 37.288 1.052
0.49 30.085 0.717
0.50 24.364 0.535
0.51 19.703 0.365
0.52 15.678 0.276
0.53 11.653 0.182
0.54 8.475 0.123
0.55 4.873 0.072
0.56 3.390 0.038
0.57 1.907 0.030
0.58 1.059 0.017
0.59 0.424 0.013
0.60 0.212 0.008
0.61 0.000 0.008