0.25 100.000 94.430
0.26 99.788 91.253
0.27 99.153 87.023
0.28 98.941 81.636
0.29 98.517 75.357
0.30 98.305 68.129
0.31 98.093 60.467
0.32 97.458 52.263
0.33 96.822 44.924
0.34 96.186 37.492
0.35 94.915 31.103
0.36 92.797 25.084
0.37 90.678 19.921
0.38 88.559 15.611
0.39 85.169 12.018
0.40 81.356 9.082
0.41 77.966 6.690
0.42 74.576 4.874
0.43 70.551 3.555
0.44 66.525 2.533
0.45 60.593 1.858
0.46 56.568 1.374
0.47 52.331 0.950
0.48 47.034 0.645
0.49 42.161 0.445
0.50 35.805 0.322
0.51 28.814 0.212
0.52 23.305 0.132
0.53 18.008 0.093
0.54 12.076 0.068
0.55 9.746 0.021
0.56 8.263 0.013
0.57 5.508 0.008
0.58 3.814 0.008
0.59 2.331 0.000