0.25 100.000 93.560
0.26 99.788 90.218
0.27 99.788 85.920
0.28 99.788 80.185
0.29 99.364 73.542
0.30 98.517 66.682
0.31 98.305 59.203
0.32 97.881 51.534
0.33 97.034 44.330
0.34 94.915 37.276
0.35 93.644 30.526
0.36 92.161 24.940
0.37 89.195 19.913
0.38 87.076 15.611
0.39 84.322 12.111
0.40 80.297 9.587
0.41 75.636 7.084
0.42 72.458 5.396
0.43 69.280 3.958
0.44 62.288 2.965
0.45 58.263 2.168
0.46 54.025 1.544
0.47 49.788 1.082
0.48 45.339 0.789
0.49 39.407 0.526
0.50 34.322 0.352
0.51 30.085 0.267
0.52 25.636 0.187
0.53 20.127 0.123
0.54 16.314 0.076
0.55 13.347 0.047
0.56 8.898 0.030
0.57 6.780 0.013
0.58 3.814 0.004
0.59 2.966 0.004
0.60 1.695 0.000
